 - 0
 - 0
 - 0
 - 0
 - 0
 - 0
 - 0
 - 0
 - 0
 - 0
 - 0
 - 0
 - 0
 - 0
 - 0
0, 1, 2,  - 0
0, 2, 1,  - 0
1, 0, 2,  - 0
1, 2, 0,  - 0
2, 0, 1,  - 0
2, 1, 0,  - 0
0, 1, 2,  - 20.000000
0, 2, 1,  - 2.000000
1, 0, 2,  - -30.000000
1, 2, 0,  - -102.000000
2, 0, 1,  - -210.000000
2, 1, 0,  - -360.000000
0, 1, 2, 3, 4,  - 2979.200000
0, 1, 2, 4, 3,  - 2559.872000
0, 1, 3, 2, 4,  - -34722.688000
0, 1, 3, 4, 2,  - -35754.880000
0, 1, 4, 2, 3,  - -59430.532000
0, 1, 4, 3, 2,  - -62017.732000
0, 2, 1, 3, 4,  - -140780.332000
0, 2, 1, 4, 3,  - -174038.284000
0, 2, 3, 1, 4,  - -284455.948000
0, 2, 3, 4, 1,  - -314776.588000
0, 2, 4, 1, 3,  - -353731.504000
0, 2, 4, 3, 1,  - -417570.664000
0, 3, 1, 2, 4,  - -1597214.164000
0, 3, 1, 4, 2,  - -1615358.164000
0, 3, 2, 1, 4,  - -1688774.164000
0, 3, 2, 4, 1,  - -1705708.564000
0, 3, 4, 1, 2,  - -1723560.244000
0, 3, 4, 2, 1,  - -2133331.144000
0, 4, 1, 2, 3,  - -2859743.194000
0, 4, 1, 3, 2,  - -2926422.394000
0, 4, 2, 1, 3,  - -2964397.786000
0, 4, 2, 3, 1,  - -3021551.386000
0, 4, 3, 1, 2,  - -3061613.338000
0, 4, 3, 2, 1,  - -3935791.258000
1, 0, 2, 3, 4,  - -3952185.370000
1, 0, 2, 4, 3,  - -3959107.876240
1, 0, 3, 2, 4,  - -4574589.681040
1, 0, 3, 4, 2,  - -4584056.356240
1, 0, 4, 2, 3,  - -4801195.907440
1, 0, 4, 3, 2,  - -4821127.696240
1, 2, 0, 3, 4,  - -6073228.000240
1, 2, 0, 4, 3,  - -6366953.785840
1, 2, 3, 0, 4,  - -16640597.305840
1, 2, 3, 4, 0,  - -16917444.962800
1, 2, 4, 0, 3,  - -19962025.702000
1, 2, 4, 3, 0,  - -20497336.601200
1, 3, 0, 2, 4,  - -30915648.401200
1, 3, 0, 4, 2,  - -31050252.689200
1, 3, 2, 0, 4,  - -36788191.889200
1, 3, 2, 4, 0,  - -36930192.017200
1, 3, 4, 0, 2,  - -38211521.297200
1, 3, 4, 2, 0,  - -41477894.033200
1, 4, 0, 2, 3,  - -46866902.894800
1, 4, 0, 3, 2,  - -47321192.366800
1, 4, 2, 0, 3,  - -50046929.198800
1, 4, 2, 3, 0,  - -50502512.942800
1, 4, 3, 0, 2,  - -53236015.406800
1, 4, 3, 2, 0,  - -59973921.480400
2, 0, 1, 3, 4,  - -60107506.680400
2, 0, 1, 4, 3,  - -60138843.960400
2, 0, 3, 1, 4,  - -60242884.920400
2, 0, 3, 4, 1,  - -60266883.384400
2, 0, 4, 1, 3,  - -60297715.786000
2, 0, 4, 3, 1,  - -60344119.066000
2, 1, 0, 3, 4,  - -60558515.066000
2, 1, 0, 4, 3,  - -60600762.362000
2, 1, 3, 0, 4,  - -62078445.562000
2, 1, 3, 4, 0,  - -62115014.650000
2, 1, 4, 0, 3,  - -62517176.410000
2, 1, 4, 3, 0,  - -62584394.330000
2, 3, 0, 1, 4,  - -64063726.730000
2, 3, 0, 4, 1,  - -64377099.530000
2, 3, 1, 0, 4,  - -84414879.530000
2, 3, 1, 4, 0,  - -84886277.930000
2, 3, 4, 0, 1,  - -87722033.930000
2, 3, 4, 1, 0,  - -88113556.490000
2, 4, 0, 1, 3,  - -88816294.994000
2, 4, 0, 3, 1,  - -89821699.394000
2, 4, 1, 0, 3,  - -98870338.994000
2, 4, 1, 3, 0,  - -100332745.394000
2, 4, 3, 0, 1,  - -106182370.994000
2, 4, 3, 1, 0,  - -106970891.954000
3, 0, 1, 2, 4,  - -107015830.754000
3, 0, 1, 4, 2,  - -107016411.362000
3, 0, 2, 1, 4,  - -107018760.674000
3, 0, 2, 4, 1,  - -107019258.338000
3, 0, 4, 1, 2,  - -107019782.958800
3, 0, 4, 2, 1,  - -107031230.526800
3, 1, 0, 2, 4,  - -107091814.686800
3, 1, 0, 4, 2,  - -107092533.534800
3, 1, 2, 0, 4,  - -107123176.734800
3, 1, 2, 4, 0,  - -107123897.630800
3, 1, 4, 0, 2,  - -107130402.590800
3, 1, 4, 2, 0,  - -107146436.894800
3, 2, 0, 1, 4,  - -107223334.910800
3, 2, 0, 4, 1,  - -107238820.094800
3, 2, 1, 0, 4,  - -108228978.494800
3, 2, 1, 4, 0,  - -108251502.398800
3, 2, 4, 0, 1,  - -108386997.758800
3, 2, 4, 1, 0,  - -108405262.334800
3, 4, 0, 1, 2,  - -108416629.118800
3, 4, 0, 2, 1,  - -108656460.398800
3, 4, 1, 0, 2,  - -108797983.598800
3, 4, 1, 2, 0,  - -109138572.398800
3, 4, 2, 0, 1,  - -109247436.398800
3, 4, 2, 1, 0,  - -109261850.222800
4, 0, 1, 2, 3,  - -109487328.523120
4, 0, 1, 3, 2,  - -109506336.177520
4, 0, 2, 1, 3,  - -109517161.489264
4, 0, 2, 3, 1,  - -109532649.207664
4, 0, 3, 1, 2,  - -109543505.360752
4, 0, 3, 2, 1,  - -109772562.681712
4, 1, 0, 2, 3,  - -110051726.291632
4, 1, 0, 3, 2,  - -110074097.440432
4, 1, 2, 0, 3,  - -110208324.333232
4, 1, 2, 3, 0,  - -110230017.568432
4, 1, 3, 0, 2,  - -110360176.979632
4, 1, 3, 2, 0,  - -110673417.760432
4, 2, 0, 1, 3,  - -111010255.354096
4, 2, 0, 3, 1,  - -111476236.214896
4, 2, 1, 0, 3,  - -115670063.962096
4, 2, 1, 3, 0,  - -116331811.930096
4, 2, 3, 0, 1,  - -118978803.802096
4, 2, 3, 1, 0,  - -119329271.128048
4, 3, 0, 1, 2,  - -119459575.806448
4, 3, 0, 2, 1,  - -122143841.286448
4, 3, 1, 0, 2,  - -123727812.486448
4, 3, 1, 2, 0,  - -127472018.694448
4, 3, 2, 0, 1,  - -128668796.934448
4, 3, 2, 1, 0,  - -128825059.744048
0, 1, 2, 3, 4,  - 2979.200000
0, 1, 2, 4, 3,  - 2559.872000
0, 1, 3, 2, 4,  - -34722.688000
0, 1, 3, 4, 2,  - -35754.880000
0, 1, 4, 2, 3,  - -59430.532000
0, 1, 4, 3, 2,  - -62017.732000
0, 2, 1, 3, 4,  - -140780.332000
0, 2, 1, 4, 3,  - -174038.284000
0, 2, 3, 1, 4,  - -284455.948000
0, 2, 3, 4, 1,  - -314776.588000
0, 2, 4, 1, 3,  - -353731.504000
0, 2, 4, 3, 1,  - -417570.664000
0, 3, 1, 2, 4,  - -1597214.164000
0, 3, 1, 4, 2,  - -1615358.164000
0, 3, 2, 1, 4,  - -1688774.164000
0, 3, 2, 4, 1,  - -1705708.564000
0, 3, 4, 1, 2,  - -1723560.244000
0, 3, 4, 2, 1,  - -2133331.144000
0, 4, 1, 2, 3,  - -2859743.194000
0, 4, 1, 3, 2,  - -2926422.394000
0, 4, 2, 1, 3,  - -2964397.786000
0, 4, 2, 3, 1,  - -3021551.386000
0, 4, 3, 1, 2,  - -3061613.338000
0, 4, 3, 2, 1,  - -3935791.258000
1, 0, 2, 3, 4,  - -3952185.370000
1, 0, 2, 4, 3,  - -3959107.876240
1, 0, 3, 2, 4,  - -4574589.681040
1, 0, 3, 4, 2,  - -4584056.356240
1, 0, 4, 2, 3,  - -4801195.907440
1, 0, 4, 3, 2,  - -4821127.696240
1, 2, 0, 3, 4,  - -6073228.000240
1, 2, 0, 4, 3,  - -6366953.785840
1, 2, 3, 0, 4,  - -16640597.305840
1, 2, 3, 4, 0,  - -16917444.962800
1, 2, 4, 0, 3,  - -19962025.702000
1, 2, 4, 3, 0,  - -20497336.601200
1, 3, 0, 2, 4,  - -30915648.401200
1, 3, 0, 4, 2,  - -31050252.689200
1, 3, 2, 0, 4,  - -36788191.889200
1, 3, 2, 4, 0,  - -36930192.017200
1, 3, 4, 0, 2,  - -38211521.297200
1, 3, 4, 2, 0,  - -41477894.033200
1, 4, 0, 2, 3,  - -46866902.894800
1, 4, 0, 3, 2,  - -47321192.366800
1, 4, 2, 0, 3,  - -50046929.198800
1, 4, 2, 3, 0,  - -50502512.942800
1, 4, 3, 0, 2,  - -53236015.406800
1, 4, 3, 2, 0,  - -59973921.480400
2, 0, 1, 3, 4,  - -60107506.680400
2, 0, 1, 4, 3,  - -60138843.960400
2, 0, 3, 1, 4,  - -60242884.920400
2, 0, 3, 4, 1,  - -60266883.384400
2, 0, 4, 1, 3,  - -60297715.786000
2, 0, 4, 3, 1,  - -60344119.066000
2, 1, 0, 3, 4,  - -60558515.066000
2, 1, 0, 4, 3,  - -60600762.362000
2, 1, 3, 0, 4,  - -62078445.562000
2, 1, 3, 4, 0,  - -62115014.650000
2, 1, 4, 0, 3,  - -62517176.410000
2, 1, 4, 3, 0,  - -62584394.330000
2, 3, 0, 1, 4,  - -64063726.730000
2, 3, 0, 4, 1,  - -64377099.530000
2, 3, 1, 0, 4,  - -84414879.530000
2, 3, 1, 4, 0,  - -84886277.930000
2, 3, 4, 0, 1,  - -87722033.930000
2, 3, 4, 1, 0,  - -88113556.490000
2, 4, 0, 1, 3,  - -88816294.994000
2, 4, 0, 3, 1,  - -89821699.394000
2, 4, 1, 0, 3,  - -98870338.994000
2, 4, 1, 3, 0,  - -100332745.394000
2, 4, 3, 0, 1,  - -106182370.994000
2, 4, 3, 1, 0,  - -106970891.954000
3, 0, 1, 2, 4,  - -107015830.754000
3, 0, 1, 4, 2,  - -107016411.362000
3, 0, 2, 1, 4,  - -107018760.674000
3, 0, 2, 4, 1,  - -107019258.338000
3, 0, 4, 1, 2,  - -107019782.958800
3, 0, 4, 2, 1,  - -107031230.526800
3, 1, 0, 2, 4,  - -107091814.686800
3, 1, 0, 4, 2,  - -107092533.534800
3, 1, 2, 0, 4,  - -107123176.734800
3, 1, 2, 4, 0,  - -107123897.630800
3, 1, 4, 0, 2,  - -107130402.590800
3, 1, 4, 2, 0,  - -107146436.894800
3, 2, 0, 1, 4,  - -107223334.910800
3, 2, 0, 4, 1,  - -107238820.094800
3, 2, 1, 0, 4,  - -108228978.494800
3, 2, 1, 4, 0,  - -108251502.398800
3, 2, 4, 0, 1,  - -108386997.758800
3, 2, 4, 1, 0,  - -108405262.334800
3, 4, 0, 1, 2,  - -108416629.118800
3, 4, 0, 2, 1,  - -108656460.398800
3, 4, 1, 0, 2,  - -108797983.598800
3, 4, 1, 2, 0,  - -109138572.398800
3, 4, 2, 0, 1,  - -109247436.398800
3, 4, 2, 1, 0,  - -109261850.222800
4, 0, 1, 2, 3,  - -109487328.523120
4, 0, 1, 3, 2,  - -109506336.177520
4, 0, 2, 1, 3,  - -109517161.489264
4, 0, 2, 3, 1,  - -109532649.207664
4, 0, 3, 1, 2,  - -109543505.360752
4, 0, 3, 2, 1,  - -109772562.681712
4, 1, 0, 2, 3,  - -110051726.291632
4, 1, 0, 3, 2,  - -110074097.440432
4, 1, 2, 0, 3,  - -110208324.333232
4, 1, 2, 3, 0,  - -110230017.568432
4, 1, 3, 0, 2,  - -110360176.979632
4, 1, 3, 2, 0,  - -110673417.760432
4, 2, 0, 1, 3,  - -111010255.354096
4, 2, 0, 3, 1,  - -111476236.214896
4, 2, 1, 0, 3,  - -115670063.962096
4, 2, 1, 3, 0,  - -116331811.930096
4, 2, 3, 0, 1,  - -118978803.802096
4, 2, 3, 1, 0,  - -119329271.128048
4, 3, 0, 1, 2,  - -119459575.806448
4, 3, 0, 2, 1,  - -122143841.286448
4, 3, 1, 0, 2,  - -123727812.486448
4, 3, 1, 2, 0,  - -127472018.694448
4, 3, 2, 0, 1,  - -128668796.934448
4, 3, 2, 1, 0,  - -128825059.744048
0, 1, 2, 3, 4,  - 5184.000000
0, 1, 2, 4, 3,  - -2880.000000
0, 1, 3, 2, 4,  - -7740.000000
0, 1, 3, 4, 2,  - -30420.000000
0, 1, 4, 2, 3,  - -45972.000000
0, 1, 4, 3, 2,  - -71892.000000
0, 2, 1, 3, 4,  - -72180.000000
0, 2, 1, 4, 3,  - -73524.000000
0, 2, 3, 1, 4,  - -74604.000000
0, 2, 3, 4, 1,  - -77404.000000
0, 2, 4, 1, 3,  - -79324.000000
0, 2, 4, 3, 1,  - -82012.000000
0, 3, 1, 2, 4,  - -83956.000000
0, 3, 1, 4, 2,  - -88996.000000
0, 3, 2, 1, 4,  - -93316.000000
0, 3, 2, 4, 1,  - -102724.000000
0, 3, 4, 1, 2,  - -108772.000000
0, 3, 4, 2, 1,  - -116548.000000
0, 4, 1, 2, 3,  - -123268.000000
0, 4, 1, 3, 2,  - -132676.000000
0, 4, 2, 1, 3,  - -145220.000000
0, 4, 2, 3, 1,  - -161348.000000
0, 4, 3, 1, 2,  - -176468.000000
0, 4, 3, 2, 1,  - -194948.000000
1, 0, 2, 3, 4,  - -199268.000000
1, 0, 2, 4, 3,  - -219428.000000
1, 0, 3, 2, 4,  - -231578.000000
1, 0, 3, 4, 2,  - -263078.000000
1, 0, 4, 2, 3,  - -284678.000000
1, 0, 4, 3, 2,  - -314918.000000
1, 2, 0, 3, 4,  - -319238.000000
1, 2, 0, 4, 3,  - -330438.000000
1, 2, 3, 0, 4,  - -339438.000000
1, 2, 3, 4, 0,  - -341888.000000
1, 2, 4, 0, 3,  - -355328.000000
1, 2, 4, 3, 0,  - -357488.000000
1, 3, 0, 2, 4,  - -373688.000000
1, 3, 0, 4, 2,  - -408968.000000
1, 3, 2, 0, 4,  - -439208.000000
1, 3, 2, 4, 0,  - -446768.000000
1, 3, 4, 0, 2,  - -485648.000000
1, 3, 4, 2, 0,  - -491588.000000
1, 4, 0, 2, 3,  - -538628.000000
1, 4, 0, 3, 2,  - -599108.000000
1, 4, 2, 0, 3,  - -679748.000000
1, 4, 2, 3, 0,  - -692068.000000
1, 4, 3, 0, 2,  - -784468.000000
1, 4, 3, 2, 0,  - -798118.000000
2, 0, 1, 3, 4,  - -808486.000000
2, 0, 1, 4, 3,  - -835366.000000
2, 0, 3, 1, 4,  - -856966.000000
2, 0, 3, 4, 1,  - -904006.000000
2, 0, 4, 1, 3,  - -936262.000000
2, 0, 4, 3, 1,  - -977734.000000
2, 1, 0, 3, 4,  - -1081414.000000
2, 1, 0, 4, 3,  - -1307206.000000
2, 1, 3, 0, 4,  - -1488646.000000
2, 1, 3, 4, 0,  - -1534006.000000
2, 1, 4, 0, 3,  - -1782838.000000
2, 1, 4, 3, 0,  - -1820854.000000
2, 3, 0, 1, 4,  - -1845046.000000
2, 3, 0, 4, 1,  - -1893430.000000
2, 3, 1, 0, 4,  - -1924534.000000
2, 3, 1, 4, 0,  - -1931926.000000
2, 3, 4, 0, 1,  - -1982614.000000
2, 3, 4, 1, 0,  - -1990102.000000
2, 4, 0, 1, 3,  - -2054614.000000
2, 4, 0, 3, 1,  - -2133462.000000
2, 4, 1, 0, 3,  - -2212310.000000
2, 4, 1, 3, 0,  - -2223958.000000
2, 4, 3, 0, 1,  - -2340438.000000
2, 4, 3, 1, 0,  - -2357238.000000
3, 0, 1, 2, 4,  - -2360478.000000
3, 0, 1, 4, 2,  - -2367534.000000
3, 0, 2, 1, 4,  - -2373582.000000
3, 0, 2, 4, 1,  - -2385678.000000
3, 0, 4, 1, 2,  - -2393454.000000
3, 0, 4, 2, 1,  - -2402958.000000
3, 1, 0, 2, 4,  - -2430174.000000
3, 1, 0, 4, 2,  - -2484606.000000
3, 1, 2, 0, 4,  - -2531262.000000
3, 1, 2, 4, 0,  - -2542350.000000
3, 1, 4, 0, 2,  - -2599374.000000
3, 1, 4, 2, 0,  - -2607798.000000
3, 2, 0, 1, 4,  - -2610390.000000
3, 2, 0, 4, 1,  - -2615318.000000
3, 2, 1, 0, 4,  - -2618486.000000
3, 2, 1, 4, 0,  - -2619214.000000
3, 2, 4, 0, 1,  - -2624206.000000
3, 2, 4, 1, 0,  - -2624926.000000
3, 4, 0, 1, 2,  - -2639710.000000
3, 4, 0, 2, 1,  - -2657182.000000
3, 4, 1, 0, 2,  - -2674654.000000
3, 4, 1, 2, 0,  - -2677174.000000
3, 4, 2, 0, 1,  - -2704054.000000
3, 4, 2, 1, 0,  - -2707862.000000
4, 0, 1, 2, 3,  - -2709878.000000
4, 0, 1, 3, 2,  - -2712470.000000
4, 0, 2, 1, 3,  - -2715926.000000
4, 0, 2, 3, 1,  - -2720150.000000
4, 0, 3, 1, 2,  - -2724110.000000
4, 0, 3, 2, 1,  - -2728790.000000
4, 1, 0, 2, 3,  - -2744342.000000
4, 1, 0, 3, 2,  - -2763350.000000
4, 1, 2, 0, 3,  - -2788694.000000
4, 1, 2, 3, 0,  - -2792438.000000
4, 1, 3, 0, 2,  - -2820518.000000
4, 1, 3, 2, 0,  - -2824568.000000
4, 2, 0, 1, 3,  - -2825976.000000
4, 2, 0, 3, 1,  - -2827640.000000
4, 2, 1, 0, 3,  - -2829304.000000
4, 2, 1, 3, 0,  - -2829544.000000
4, 2, 3, 0, 1,  - -2831944.000000
4, 2, 3, 1, 0,  - -2832284.000000
4, 3, 0, 1, 2,  - -2836028.000000
4, 3, 0, 2, 1,  - -2840348.000000
4, 3, 1, 0, 2,  - -2844668.000000
4, 3, 1, 2, 0,  - -2845280.000000
4, 3, 2, 0, 1,  - -2851808.000000
4, 3, 2, 1, 0,  - -2852720.000000
0, 1, 2, 3, 4,  - 5184.000000
0, 1, 2, 4, 3,  - -2880.000000
0, 1, 3, 2, 4,  - -7740.000000
0, 1, 3, 4, 2,  - -30420.000000
0, 1, 4, 2, 3,  - -45972.000000
0, 1, 4, 3, 2,  - -71892.000000
0, 2, 1, 3, 4,  - -72180.000000
0, 2, 1, 4, 3,  - -73524.000000
0, 2, 3, 1, 4,  - -74604.000000
0, 2, 3, 4, 1,  - -77404.000000
0, 2, 4, 1, 3,  - -79324.000000
0, 2, 4, 3, 1,  - -82012.000000
0, 3, 1, 2, 4,  - -83956.000000
0, 3, 1, 4, 2,  - -88996.000000
0, 3, 2, 1, 4,  - -93316.000000
0, 3, 2, 4, 1,  - -102724.000000
0, 3, 4, 1, 2,  - -108772.000000
0, 3, 4, 2, 1,  - -116548.000000
0, 4, 1, 2, 3,  - -123268.000000
0, 4, 1, 3, 2,  - -132676.000000
0, 4, 2, 1, 3,  - -145220.000000
0, 4, 2, 3, 1,  - -161348.000000
0, 4, 3, 1, 2,  - -176468.000000
0, 4, 3, 2, 1,  - -194948.000000
1, 0, 2, 3, 4,  - -199268.000000
1, 0, 2, 4, 3,  - -219428.000000
1, 0, 3, 2, 4,  - -231578.000000
1, 0, 3, 4, 2,  - -263078.000000
1, 0, 4, 2, 3,  - -284678.000000
1, 0, 4, 3, 2,  - -314918.000000
1, 2, 0, 3, 4,  - -319238.000000
1, 2, 0, 4, 3,  - -330438.000000
1, 2, 3, 0, 4,  - -339438.000000
1, 2, 3, 4, 0,  - -341888.000000
1, 2, 4, 0, 3,  - -355328.000000
1, 2, 4, 3, 0,  - -357488.000000
1, 3, 0, 2, 4,  - -373688.000000
1, 3, 0, 4, 2,  - -408968.000000
1, 3, 2, 0, 4,  - -439208.000000
1, 3, 2, 4, 0,  - -446768.000000
1, 3, 4, 0, 2,  - -485648.000000
1, 3, 4, 2, 0,  - -491588.000000
1, 4, 0, 2, 3,  - -538628.000000
1, 4, 0, 3, 2,  - -599108.000000
1, 4, 2, 0, 3,  - -679748.000000
1, 4, 2, 3, 0,  - -692068.000000
1, 4, 3, 0, 2,  - -784468.000000
1, 4, 3, 2, 0,  - -798118.000000
2, 0, 1, 3, 4,  - -808486.000000
2, 0, 1, 4, 3,  - -835366.000000
2, 0, 3, 1, 4,  - -856966.000000
2, 0, 3, 4, 1,  - -904006.000000
2, 0, 4, 1, 3,  - -936262.000000
2, 0, 4, 3, 1,  - -977734.000000
2, 1, 0, 3, 4,  - -1081414.000000
2, 1, 0, 4, 3,  - -1307206.000000
2, 1, 3, 0, 4,  - -1488646.000000
2, 1, 3, 4, 0,  - -1534006.000000
2, 1, 4, 0, 3,  - -1782838.000000
2, 1, 4, 3, 0,  - -1820854.000000
2, 3, 0, 1, 4,  - -1845046.000000
2, 3, 0, 4, 1,  - -1893430.000000
2, 3, 1, 0, 4,  - -1924534.000000
2, 3, 1, 4, 0,  - -1931926.000000
2, 3, 4, 0, 1,  - -1982614.000000
2, 3, 4, 1, 0,  - -1990102.000000
2, 4, 0, 1, 3,  - -2054614.000000
2, 4, 0, 3, 1,  - -2133462.000000
2, 4, 1, 0, 3,  - -2212310.000000
2, 4, 1, 3, 0,  - -2223958.000000
2, 4, 3, 0, 1,  - -2340438.000000
2, 4, 3, 1, 0,  - -2357238.000000
3, 0, 1, 2, 4,  - -2360478.000000
3, 0, 1, 4, 2,  - -2367534.000000
3, 0, 2, 1, 4,  - -2373582.000000
3, 0, 2, 4, 1,  - -2385678.000000
3, 0, 4, 1, 2,  - -2393454.000000
3, 0, 4, 2, 1,  - -2402958.000000
3, 1, 0, 2, 4,  - -2430174.000000
3, 1, 0, 4, 2,  - -2484606.000000
3, 1, 2, 0, 4,  - -2531262.000000
3, 1, 2, 4, 0,  - -2542350.000000
3, 1, 4, 0, 2,  - -2599374.000000
3, 1, 4, 2, 0,  - -2607798.000000
3, 2, 0, 1, 4,  - -2610390.000000
3, 2, 0, 4, 1,  - -2615318.000000
3, 2, 1, 0, 4,  - -2618486.000000
3, 2, 1, 4, 0,  - -2619214.000000
3, 2, 4, 0, 1,  - -2624206.000000
3, 2, 4, 1, 0,  - -2624926.000000
3, 4, 0, 1, 2,  - -2639710.000000
3, 4, 0, 2, 1,  - -2657182.000000
3, 4, 1, 0, 2,  - -2674654.000000
3, 4, 1, 2, 0,  - -2677174.000000
3, 4, 2, 0, 1,  - -2704054.000000
3, 4, 2, 1, 0,  - -2707862.000000
4, 0, 1, 2, 3,  - -2709878.000000
4, 0, 1, 3, 2,  - -2712470.000000
4, 0, 2, 1, 3,  - -2715926.000000
4, 0, 2, 3, 1,  - -2720150.000000
4, 0, 3, 1, 2,  - -2724110.000000
4, 0, 3, 2, 1,  - -2728790.000000
4, 1, 0, 2, 3,  - -2744342.000000
4, 1, 0, 3, 2,  - -2763350.000000
4, 1, 2, 0, 3,  - -2788694.000000
4, 1, 2, 3, 0,  - -2792438.000000
4, 1, 3, 0, 2,  - -2820518.000000
4, 1, 3, 2, 0,  - -2824568.000000
4, 2, 0, 1, 3,  - -2825976.000000
4, 2, 0, 3, 1,  - -2827640.000000
4, 2, 1, 0, 3,  - -2829304.000000
4, 2, 1, 3, 0,  - -2829544.000000
4, 2, 3, 0, 1,  - -2831944.000000
4, 2, 3, 1, 0,  - -2832284.000000
4, 3, 0, 1, 2,  - -2836028.000000
4, 3, 0, 2, 1,  - -2840348.000000
4, 3, 1, 0, 2,  - -2844668.000000
4, 3, 1, 2, 0,  - -2845280.000000
4, 3, 2, 0, 1,  - -2851808.000000
4, 3, 2, 1, 0,  - -2852720.000000
0, 1, 2, 3, 4,  - 5184.000000
0, 1, 2, 4, 3,  - -2880.000000
0, 1, 3, 2, 4,  - -7740.000000
0, 1, 3, 4, 2,  - -30420.000000
0, 1, 2, 3, 4,  - 5184.000000
0, 1, 2, 4, 3,  - -2880.000000
0, 1, 3, 2, 4,  - -7740.000000
0, 1, 3, 4, 2,  - -15300.000000
0, 1, 4, 2, 3,  - -20484.000000
0, 1, 4, 3, 2,  - -25668.000000
0, 2, 1, 3, 4,  - -25956.000000
0, 2, 1, 4, 3,  - -26404.000000
0, 2, 3, 1, 4,  - -26764.000000
0, 2, 3, 4, 1,  - -27324.000000
0, 2, 4, 1, 3,  - -27708.000000
0, 2, 4, 3, 1,  - -28092.000000
0, 3, 1, 2, 4,  - -28740.000000
0, 3, 1, 4, 2,  - -29748.000000
0, 3, 2, 1, 4,  - -30612.000000
0, 3, 2, 4, 1,  - -31956.000000
0, 3, 4, 1, 2,  - -32820.000000
0, 3, 4, 2, 1,  - -33684.000000
0, 4, 1, 2, 3,  - -35028.000000
0, 4, 1, 3, 2,  - -36372.000000
0, 4, 2, 1, 3,  - -38164.000000
0, 4, 2, 3, 1,  - -39956.000000
0, 4, 3, 1, 2,  - -41636.000000
0, 4, 3, 2, 1,  - -43316.000000
1, 0, 2, 3, 4,  - -47636.000000
1, 0, 2, 4, 3,  - -54356.000000
1, 0, 3, 2, 4,  - -58406.000000
1, 0, 3, 4, 2,  - -64706.000000
1, 0, 4, 2, 3,  - -69026.000000
1, 0, 4, 3, 2,  - -73346.000000
1, 2, 0, 3, 4,  - -74786.000000
1, 2, 0, 4, 3,  - -77026.000000
1, 2, 3, 0, 4,  - -78826.000000
1, 2, 3, 4, 0,  - -79176.000000
1, 2, 4, 0, 3,  - -81096.000000
1, 2, 4, 3, 0,  - -81336.000000
1, 3, 0, 2, 4,  - -84576.000000
1, 3, 0, 4, 2,  - -89616.000000
1, 3, 2, 0, 4,  - -93936.000000
1, 3, 2, 4, 0,  - -94776.000000
1, 3, 4, 0, 2,  - -99096.000000
1, 3, 4, 2, 0,  - -99636.000000
1, 4, 0, 2, 3,  - -106356.000000
1, 4, 0, 3, 2,  - -113076.000000
1, 4, 2, 0, 3,  - -122036.000000
1, 4, 2, 3, 0,  - -123156.000000
1, 4, 3, 0, 2,  - -131556.000000
1, 4, 3, 2, 0,  - -132606.000000
2, 0, 1, 3, 4,  - -136062.000000
2, 0, 1, 4, 3,  - -141438.000000
2, 0, 3, 1, 4,  - -145758.000000
2, 0, 3, 4, 1,  - -152478.000000
2, 0, 4, 1, 3,  - -157086.000000
2, 0, 4, 3, 1,  - -161694.000000
2, 1, 0, 3, 4,  - -182430.000000
2, 1, 0, 4, 3,  - -214686.000000
2, 1, 3, 0, 4,  - -240606.000000
2, 1, 3, 4, 0,  - -245646.000000
2, 1, 4, 0, 3,  - -273294.000000
2, 1, 4, 3, 0,  - -276750.000000
2, 3, 0, 1, 4,  - -280206.000000
2, 3, 0, 4, 1,  - -285582.000000
2, 3, 1, 0, 4,  - -289038.000000
2, 3, 1, 4, 0,  - -289710.000000
2, 3, 4, 0, 1,  - -294318.000000
2, 3, 4, 1, 0,  - -294894.000000
2, 4, 0, 1, 3,  - -302062.000000
2, 4, 0, 3, 1,  - -309230.000000
2, 4, 1, 0, 3,  - -316398.000000
2, 4, 1, 3, 0,  - -317294.000000
2, 4, 3, 0, 1,  - -326254.000000
2, 4, 3, 1, 0,  - -327374.000000
3, 0, 1, 2, 4,  - -328022.000000
3, 0, 1, 4, 2,  - -329030.000000
3, 0, 2, 1, 4,  - -329894.000000
3, 0, 2, 4, 1,  - -331238.000000
3, 0, 4, 1, 2,  - -332102.000000
3, 0, 4, 2, 1,  - -332966.000000
3, 1, 0, 2, 4,  - -336854.000000
3, 1, 0, 4, 2,  - -342902.000000
3, 1, 2, 0, 4,  - -348086.000000
3, 1, 2, 4, 0,  - -349094.000000
3, 1, 4, 0, 2,  - -354278.000000
3, 1, 4, 2, 0,  - -354926.000000
3, 2, 0, 1, 4,  - -355214.000000
3, 2, 0, 4, 1,  - -355662.000000
3, 2, 1, 0, 4,  - -355950.000000
3, 2, 1, 4, 0,  - -356006.000000
3, 2, 4, 0, 1,  - -356390.000000
3, 2, 4, 1, 0,  - -356438.000000
3, 4, 0, 1, 2,  - -357782.000000
3, 4, 0, 2, 1,  - -359126.000000
3, 4, 1, 0, 2,  - -360470.000000
3, 4, 1, 2, 0,  - -360638.000000
3, 4, 2, 0, 1,  - -362430.000000
3, 4, 2, 1, 0,  - -362654.000000
4, 0, 1, 2, 3,  - -362942.000000
4, 0, 1, 3, 2,  - -363230.000000
4, 0, 2, 1, 3,  - -363614.000000
4, 0, 2, 3, 1,  - -363998.000000
4, 0, 3, 1, 2,  - -364358.000000
4, 0, 3, 2, 1,  - -364718.000000
4, 1, 0, 2, 3,  - -366446.000000
4, 1, 0, 3, 2,  - -368174.000000
4, 1, 2, 0, 3,  - -370478.000000
4, 1, 2, 3, 0,  - -370766.000000
4, 1, 3, 0, 2,  - -372926.000000
4, 1, 3, 2, 0,  - -373196.000000
4, 2, 0, 1, 3,  - -373324.000000
4, 2, 0, 3, 1,  - -373452.000000
4, 2, 1, 0, 3,  - -373580.000000
4, 2, 1, 3, 0,  - -373596.000000
4, 2, 3, 0, 1,  - -373756.000000
4, 2, 3, 1, 0,  - -373776.000000
4, 3, 0, 1, 2,  - -374064.000000
4, 3, 0, 2, 1,  - -374352.000000
4, 3, 1, 0, 2,  - -374640.000000
4, 3, 1, 2, 0,  - -374676.000000
4, 3, 2, 0, 1,  - -375060.000000
4, 3, 2, 1, 0,  - -375108.000000
0, 1, 2, 3, 4,  - 5184.000000
0, 1, 2, 4, 3,  - -2880.000000
0, 1, 3, 2, 4,  - -7740.000000
0, 1, 3, 4, 2,  - -15300.000000
0, 1, 4, 2, 3,  - -20484.000000
0, 1, 4, 3, 2,  - -25668.000000
0, 2, 1, 3, 4,  - -25956.000000
0, 2, 1, 4, 3,  - -26404.000000
0, 2, 3, 1, 4,  - -26764.000000
0, 2, 3, 4, 1,  - -27324.000000
0, 1, 2, 3, 4,  - 5184.000000
0, 1, 2, 4, 3,  - -2880.000000
0, 1, 3, 2, 4,  - -7740.000000
0, 1, 3, 4, 2,  - -180.000000
0, 1, 4, 2, 3,  - 5004.000000
0, 1, 4, 3, 2,  - -180.000000
0, 2, 1, 3, 4,  - -468.000000
0, 2, 1, 4, 3,  - -20.000000
0, 2, 3, 1, 4,  - 340.000000
0, 2, 3, 4, 1,  - -220.000000
0, 2, 4, 1, 3,  - -604.000000
0, 2, 4, 3, 1,  - -220.000000
0, 3, 1, 2, 4,  - 428.000000
0, 3, 1, 4, 2,  - -580.000000
0, 3, 2, 1, 4,  - -1444.000000
0, 3, 2, 4, 1,  - -100.000000
0, 3, 4, 1, 2,  - 764.000000
0, 3, 4, 2, 1,  - -100.000000
0, 4, 1, 2, 3,  - -1444.000000
0, 4, 1, 3, 2,  - -100.000000
0, 4, 2, 1, 3,  - 1692.000000
0, 4, 2, 3, 1,  - -100.000000
0, 4, 3, 1, 2,  - -1780.000000
0, 4, 3, 2, 1,  - -100.000000
1, 0, 2, 3, 4,  - -4420.000000
1, 0, 2, 4, 3,  - 2300.000000
1, 0, 3, 2, 4,  - 6350.000000
1, 0, 3, 4, 2,  - 50.000000
1, 0, 4, 2, 3,  - -4270.000000
1, 0, 4, 3, 2,  - 50.000000
1, 2, 0, 3, 4,  - 1490.000000
1, 2, 0, 4, 3,  - -750.000000
1, 2, 3, 0, 4,  - -2550.000000
1, 2, 3, 4, 0,  - -2200.000000
1, 2, 4, 0, 3,  - -280.000000
1, 2, 4, 3, 0,  - -520.000000
1, 3, 0, 2, 4,  - -3760.000000
1, 3, 0, 4, 2,  - 1280.000000
1, 3, 2, 0, 4,  - 5600.000000
1, 3, 2, 4, 0,  - 4760.000000
1, 3, 4, 0, 2,  - 440.000000
1, 3, 4, 2, 0,  - 980.000000
1, 4, 0, 2, 3,  - 7700.000000
1, 4, 0, 3, 2,  - 980.000000
1, 4, 2, 0, 3,  - -7980.000000
1, 4, 2, 3, 0,  - -6860.000000
1, 4, 3, 0, 2,  - 1540.000000
1, 4, 3, 2, 0,  - 490.000000
2, 0, 1, 3, 4,  - 3946.000000
2, 0, 1, 4, 3,  - -1430.000000
2, 0, 3, 1, 4,  - -5750.000000
2, 0, 3, 4, 1,  - 970.000000
2, 0, 4, 1, 3,  - 5578.000000
2, 0, 4, 3, 1,  - 970.000000
2, 1, 0, 3, 4,  - -19766.000000
2, 1, 0, 4, 3,  - 12490.000000
2, 1, 3, 0, 4,  - 38410.000000
2, 1, 3, 4, 0,  - 33370.000000
2, 1, 4, 0, 3,  - 5722.000000
2, 1, 4, 3, 0,  - 9178.000000
2, 3, 0, 1, 4,  - 12634.000000
2, 3, 0, 4, 1,  - 7258.000000
2, 3, 1, 0, 4,  - 3802.000000
2, 3, 1, 4, 0,  - 4474.000000
2, 3, 4, 0, 1,  - 9082.000000
2, 3, 4, 1, 0,  - 8506.000000
2, 4, 0, 1, 3,  - 1338.000000
2, 4, 0, 3, 1,  - 8506.000000
2, 4, 1, 0, 3,  - 15674.000000
2, 4, 1, 3, 0,  - 14778.000000
2, 4, 3, 0, 1,  - 5818.000000
2, 4, 3, 1, 0,  - 6938.000000
3, 0, 1, 2, 4,  - 6290.000000
3, 0, 1, 4, 2,  - 7298.000000
3, 0, 2, 1, 4,  - 8162.000000
3, 0, 2, 4, 1,  - 6818.000000
3, 0, 4, 1, 2,  - 5954.000000
3, 0, 4, 2, 1,  - 6818.000000
3, 1, 0, 2, 4,  - 10706.000000
3, 1, 0, 4, 2,  - 4658.000000
3, 1, 2, 0, 4,  - -526.000000
3, 1, 2, 4, 0,  - 482.000000
3, 1, 4, 0, 2,  - 5666.000000
3, 1, 4, 2, 0,  - 5018.000000
3, 2, 0, 1, 4,  - 4730.000000
3, 2, 0, 4, 1,  - 5178.000000
3, 2, 1, 0, 4,  - 5466.000000
3, 2, 1, 4, 0,  - 5410.000000
3, 2, 4, 0, 1,  - 5026.000000
3, 2, 4, 1, 0,  - 5074.000000
3, 4, 0, 1, 2,  - 6418.000000
3, 4, 0, 2, 1,  - 5074.000000
3, 4, 1, 0, 2,  - 3730.000000
3, 4, 1, 2, 0,  - 3898.000000
3, 4, 2, 0, 1,  - 5690.000000
3, 4, 2, 1, 0,  - 5466.000000
4, 0, 1, 2, 3,  - 5754.000000
4, 0, 1, 3, 2,  - 5466.000000
4, 0, 2, 1, 3,  - 5082.000000
4, 0, 2, 3, 1,  - 5466.000000
4, 0, 3, 1, 2,  - 5826.000000
4, 0, 3, 2, 1,  - 5466.000000
4, 1, 0, 2, 3,  - 3738.000000
4, 1, 0, 3, 2,  - 5466.000000
4, 1, 2, 0, 3,  - 7770.000000
4, 1, 2, 3, 0,  - 7482.000000
4, 1, 3, 0, 2,  - 5322.000000
4, 1, 3, 2, 0,  - 5592.000000
4, 2, 0, 1, 3,  - 5720.000000
4, 2, 0, 3, 1,  - 5592.000000
4, 2, 1, 0, 3,  - 5464.000000
4, 2, 1, 3, 0,  - 5480.000000
4, 2, 3, 0, 1,  - 5640.000000
4, 2, 3, 1, 0,  - 5620.000000
4, 3, 0, 1, 2,  - 5332.000000
4, 3, 0, 2, 1,  - 5620.000000
4, 3, 1, 0, 2,  - 5908.000000
4, 3, 1, 2, 0,  - 5872.000000
4, 3, 2, 0, 1,  - 5488.000000
4, 3, 2, 1, 0,  - 5536.000000
0, 1, 2, 3, 4,  - 5184.000000
0, 1, 2, 4, 3,  - -2880.000000
0, 1, 3, 2, 4,  - -7740.000000
0, 1, 3, 4, 2,  - -180.000000
0, 1, 4, 2, 3,  - 5004.000000
0, 1, 4, 3, 2,  - -180.000000
0, 2, 1, 3, 4,  - -468.000000
0, 2, 1, 4, 3,  - -20.000000
0, 2, 3, 1, 4,  - 340.000000
0, 2, 3, 4, 1,  - -220.000000
0, 2, 4, 1, 3,  - -604.000000
0, 2, 4, 3, 1,  - -220.000000
0, 3, 1, 2, 4,  - 428.000000
0, 3, 1, 4, 2,  - -580.000000
0, 3, 2, 1, 4,  - -1444.000000
0, 3, 2, 4, 1,  - -100.000000
0, 3, 4, 1, 2,  - 764.000000
0, 3, 4, 2, 1,  - -100.000000
0, 4, 1, 2, 3,  - -1444.000000
0, 4, 1, 3, 2,  - -100.000000
0, 4, 2, 1, 3,  - 1692.000000
0, 4, 2, 3, 1,  - -100.000000
0, 4, 3, 1, 2,  - -1780.000000
0, 4, 3, 2, 1,  - -100.000000
1, 0, 2, 3, 4,  - -4420.000000
1, 0, 2, 4, 3,  - 2300.000000
1, 0, 3, 2, 4,  - 6350.000000
1, 0, 3, 4, 2,  - 50.000000
1, 0, 4, 2, 3,  - -4270.000000
1, 0, 4, 3, 2,  - 50.000000
1, 2, 0, 3, 4,  - 1490.000000
1, 2, 0, 4, 3,  - -750.000000
1, 2, 3, 0, 4,  - -2550.000000
1, 2, 3, 4, 0,  - -2200.000000
1, 2, 4, 0, 3,  - -280.000000
1, 2, 4, 3, 0,  - -520.000000
1, 3, 0, 2, 4,  - -3760.000000
1, 3, 0, 4, 2,  - 1280.000000
1, 3, 2, 0, 4,  - 5600.000000
1, 3, 2, 4, 0,  - 4760.000000
1, 3, 4, 0, 2,  - 440.000000
1, 3, 4, 2, 0,  - 980.000000
1, 4, 0, 2, 3,  - 7700.000000
1, 4, 0, 3, 2,  - 980.000000
1, 4, 2, 0, 3,  - -7980.000000
1, 4, 2, 3, 0,  - -6860.000000
1, 4, 3, 0, 2,  - 1540.000000
1, 4, 3, 2, 0,  - 490.000000
2, 0, 1, 3, 4,  - 3946.000000
2, 0, 1, 4, 3,  - -1430.000000
2, 0, 3, 1, 4,  - -5750.000000
2, 0, 3, 4, 1,  - 970.000000
2, 0, 4, 1, 3,  - 5578.000000
2, 0, 4, 3, 1,  - 970.000000
2, 1, 0, 3, 4,  - -19766.000000
2, 1, 0, 4, 3,  - 12490.000000
2, 1, 3, 0, 4,  - 38410.000000
2, 1, 3, 4, 0,  - 33370.000000
2, 1, 4, 0, 3,  - 5722.000000
2, 1, 4, 3, 0,  - 9178.000000
2, 3, 0, 1, 4,  - 12634.000000
2, 3, 0, 4, 1,  - 7258.000000
2, 3, 1, 0, 4,  - 3802.000000
2, 3, 1, 4, 0,  - 4474.000000
2, 3, 4, 0, 1,  - 9082.000000
2, 3, 4, 1, 0,  - 8506.000000
2, 4, 0, 1, 3,  - 1338.000000
2, 4, 0, 3, 1,  - 8506.000000
2, 4, 1, 0, 3,  - 15674.000000
2, 4, 1, 3, 0,  - 14778.000000
2, 4, 3, 0, 1,  - 5818.000000
2, 4, 3, 1, 0,  - 6938.000000
3, 0, 1, 2, 4,  - 6290.000000
3, 0, 1, 4, 2,  - 7298.000000
3, 0, 2, 1, 4,  - 8162.000000
3, 0, 2, 4, 1,  - 6818.000000
3, 0, 4, 1, 2,  - 5954.000000
3, 0, 4, 2, 1,  - 6818.000000
3, 1, 0, 2, 4,  - 10706.000000
3, 1, 0, 4, 2,  - 4658.000000
3, 1, 2, 0, 4,  - -526.000000
3, 1, 2, 4, 0,  - 482.000000
3, 1, 4, 0, 2,  - 5666.000000
3, 1, 4, 2, 0,  - 5018.000000
3, 2, 0, 1, 4,  - 4730.000000
3, 2, 0, 4, 1,  - 5178.000000
3, 2, 1, 0, 4,  - 5466.000000
3, 2, 1, 4, 0,  - 5410.000000
3, 2, 4, 0, 1,  - 5026.000000
3, 2, 4, 1, 0,  - 5074.000000
3, 4, 0, 1, 2,  - 6418.000000
3, 4, 0, 2, 1,  - 5074.000000
3, 4, 1, 0, 2,  - 3730.000000
3, 4, 1, 2, 0,  - 3898.000000
3, 4, 2, 0, 1,  - 5690.000000
3, 4, 2, 1, 0,  - 5466.000000
4, 0, 1, 2, 3,  - 5754.000000
4, 0, 1, 3, 2,  - 5466.000000
4, 0, 2, 1, 3,  - 5082.000000
4, 0, 2, 3, 1,  - 5466.000000
4, 0, 3, 1, 2,  - 5826.000000
4, 0, 3, 2, 1,  - 5466.000000
4, 1, 0, 2, 3,  - 3738.000000
4, 1, 0, 3, 2,  - 5466.000000
4, 1, 2, 0, 3,  - 7770.000000
4, 1, 2, 3, 0,  - 7482.000000
4, 1, 3, 0, 2,  - 5322.000000
4, 1, 3, 2, 0,  - 5592.000000
4, 2, 0, 1, 3,  - 5720.000000
4, 2, 0, 3, 1,  - 5592.000000
4, 2, 1, 0, 3,  - 5464.000000
4, 2, 1, 3, 0,  - 5480.000000
4, 2, 3, 0, 1,  - 5640.000000
4, 2, 3, 1, 0,  - 5620.000000
4, 3, 0, 1, 2,  - 5332.000000
4, 3, 0, 2, 1,  - 5620.000000
4, 3, 1, 0, 2,  - 5908.000000
4, 3, 1, 2, 0,  - 5872.000000
4, 3, 2, 0, 1,  - 5488.000000
4, 3, 2, 1, 0,  - 5536.000000
0, 1, 2, 3, 4,  - 2979.200000
0, 1, 2, 4, 3,  - 2559.872000
0, 1, 3, 2, 4,  - -34722.688000
0, 1, 3, 4, 2,  - -34378.624000
0, 1, 4, 2, 3,  - -26486.740000
0, 1, 4, 3, 2,  - -27004.180000
0, 2, 1, 3, 4,  - -105766.780000
0, 2, 1, 4, 3,  - -94680.796000
0, 2, 3, 1, 4,  - -57874.908000
0, 2, 3, 4, 1,  - -63939.036000
0, 2, 4, 1, 3,  - -71730.019200
0, 2, 4, 3, 1,  - -62610.139200
0, 3, 1, 2, 4,  - 330604.360800
0, 3, 1, 4, 2,  - 326975.560800
0, 3, 2, 1, 4,  - 312292.360800
0, 3, 2, 4, 1,  - 314711.560800
0, 3, 4, 1, 2,  - 317261.800800
0, 3, 4, 2, 1,  - 271731.700800
0, 4, 1, 2, 3,  - 126449.290800
0, 4, 1, 3, 2,  - 135974.890800
0, 4, 2, 1, 3,  - 141399.946800
0, 4, 2, 3, 1,  - 135049.546800
0, 4, 3, 1, 2,  - 130598.218800
0, 4, 3, 2, 1,  - 210068.938800
1, 0, 2, 3, 4,  - 193674.826800
1, 0, 2, 4, 3,  - 195982.328880
1, 0, 3, 2, 4,  - 401142.930480
1, 0, 3, 4, 2,  - 399249.595440
1, 0, 4, 2, 3,  - 355821.685200
1, 0, 4, 3, 2,  - 358669.083600
1, 2, 0, 3, 4,  - 776035.851600
1, 2, 0, 4, 3,  - 717290.694480
1, 2, 3, 0, 4,  - -1337438.009520
1, 2, 3, 4, 0,  - -1297888.344240
1, 2, 4, 0, 3,  - -862948.238640
1, 2, 4, 3, 0,  - -922427.227440
1, 3, 0, 2, 4,  - -3006089.587440
1, 3, 0, 4, 2,  - -2986860.403440
1, 3, 2, 0, 4,  - -2167154.803440
1, 3, 2, 4, 0,  - -2182932.595440
1, 3, 4, 0, 2,  - -2325302.515440
1, 3, 4, 2, 0,  - -2028359.539440
1, 4, 0, 2, 3,  - -1258501.130640
1, 4, 0, 3, 2,  - -1308977.738640
1, 4, 2, 0, 3,  - -1611837.386640
1, 4, 2, 3, 0,  - -1570420.682640
1, 4, 3, 0, 2,  - -1321920.458640
1, 4, 3, 2, 0,  - -1840220.925840
2, 0, 1, 3, 4,  - -1795692.525840
2, 0, 1, 4, 3,  - -1801959.981840
2, 0, 3, 1, 4,  - -1822768.173840
2, 0, 3, 4, 1,  - -1819339.821840
2, 0, 4, 1, 3,  - -1814935.193040
2, 0, 4, 3, 1,  - -1820091.113040
2, 1, 0, 3, 4,  - -1862970.313040
2, 1, 0, 4, 3,  - -1856934.985040
2, 1, 3, 0, 4,  - -1645837.385040
2, 1, 3, 4, 0,  - -1649900.617040
2, 1, 4, 0, 3,  - -1694585.257040
2, 1, 4, 3, 0,  - -1688474.537040
2, 3, 0, 1, 4,  - -1477141.337040
2, 3, 0, 4, 1,  - -1511960.537040
2, 3, 1, 0, 4,  - -3738380.537040
2, 3, 1, 4, 0,  - -3695526.137040
2, 3, 4, 0, 1,  - -3437730.137040
2, 3, 4, 1, 0,  - -3467847.257040
2, 4, 0, 1, 3,  - -3545929.313040
2, 4, 0, 3, 1,  - -3454528.913040
2, 4, 1, 0, 3,  - -2631925.313040
2, 4, 1, 3, 0,  - -2744418.113040
2, 4, 3, 0, 1,  - -3194389.313040
2, 4, 3, 1, 0,  - -3141821.249040
3, 0, 1, 2, 4,  - -3150809.009040
3, 0, 1, 4, 2,  - -3150726.065040
3, 0, 2, 1, 4,  - -3150390.449040
3, 0, 2, 4, 1,  - -3150445.745040
3, 0, 4, 1, 2,  - -3150504.036240
3, 0, 4, 2, 1,  - -3149463.348240
3, 1, 0, 2, 4,  - -3140808.468240
3, 1, 0, 4, 2,  - -3140888.340240
3, 1, 2, 0, 4,  - -3144293.140240
3, 1, 2, 4, 0,  - -3144227.604240
3, 1, 4, 0, 2,  - -3143636.244240
3, 1, 4, 2, 0,  - -3144869.652240
3, 2, 0, 1, 4,  - -3153413.876240
3, 2, 0, 4, 1,  - -3152006.132240
3, 2, 1, 0, 4,  - -3061991.732240
3, 2, 1, 4, 0,  - -3063724.340240
3, 2, 4, 0, 1,  - -3074147.060240
3, 2, 4, 1, 0,  - -3072929.421840
3, 4, 0, 1, 2,  - -3071896.077840
3, 4, 0, 2, 1,  - -3090344.637840
3, 4, 1, 0, 2,  - -3101231.037840
3, 4, 1, 2, 0,  - -3078525.117840
3, 4, 2, 0, 1,  - -3071267.517840
3, 4, 2, 1, 0,  - -3072115.389840
4, 0, 1, 2, 3,  - -3039904.204080
4, 0, 1, 3, 2,  - -3042016.165680
4, 0, 2, 1, 3,  - -3043218.978096
4, 0, 2, 3, 1,  - -3041811.003696
4, 0, 3, 1, 2,  - -3040824.080688
4, 0, 3, 2, 1,  - -3058443.874608
4, 1, 0, 2, 3,  - -3089462.053488
4, 1, 0, 3, 2,  - -3087428.312688
4, 1, 2, 0, 3,  - -3075225.867888
4, 1, 2, 3, 0,  - -3076894.578288
4, 1, 3, 0, 2,  - -3086906.840688
4, 1, 3, 2, 0,  - -3066024.121968
4, 2, 0, 1, 3,  - -3035402.522544
4, 2, 0, 3, 1,  - -3071247.204144
4, 2, 1, 0, 3,  - -3393849.338544
4, 2, 1, 3, 0,  - -3349732.807344
4, 2, 3, 0, 1,  - -3173266.682544
4, 2, 3, 1, 0,  - -3193882.407600
4, 3, 0, 1, 2,  - -3203905.844400
4, 3, 0, 2, 1,  - -3024954.812400
4, 3, 1, 0, 2,  - -2919356.732400
4, 3, 1, 2, 0,  - -3139604.156400
4, 3, 2, 0, 1,  - -3210002.876400
4, 3, 2, 1, 0,  - -3201778.518000
0, 1, 2, 3, 4,  - 2979.200000
0, 1, 2, 4, 3,  - 2559.872000
0, 1, 3, 2, 4,  - -34722.688000
0, 1, 3, 4, 2,  - -34378.624000
0, 1, 4, 2, 3,  - -26486.740000
0, 1, 4, 3, 2,  - -27004.180000
0, 2, 1, 3, 4,  - -105766.780000
0, 2, 1, 4, 3,  - -94680.796000
0, 2, 3, 1, 4,  - -57874.908000
0, 2, 3, 4, 1,  - -63939.036000
0, 2, 4, 1, 3,  - -71730.019200
0, 2, 4, 3, 1,  - -62610.139200
0, 3, 1, 2, 4,  - 330604.360800
0, 3, 1, 4, 2,  - 326975.560800
0, 3, 2, 1, 4,  - 312292.360800
0, 3, 2, 4, 1,  - 314711.560800
0, 3, 4, 1, 2,  - 317261.800800
0, 3, 4, 2, 1,  - 271731.700800
0, 4, 1, 2, 3,  - 126449.290800
0, 4, 1, 3, 2,  - 135974.890800
0, 4, 2, 1, 3,  - 141399.946800
0, 4, 2, 3, 1,  - 135049.546800
0, 4, 3, 1, 2,  - 130598.218800
0, 4, 3, 2, 1,  - 210068.938800
1, 0, 2, 3, 4,  - 193674.826800
1, 0, 2, 4, 3,  - 195982.328880
1, 0, 3, 2, 4,  - 401142.930480
1, 0, 3, 4, 2,  - 399249.595440
1, 0, 4, 2, 3,  - 355821.685200
1, 0, 4, 3, 2,  - 358669.083600
1, 2, 0, 3, 4,  - 776035.851600
1, 2, 0, 4, 3,  - 717290.694480
1, 2, 3, 0, 4,  - -1337438.009520
1, 2, 3, 4, 0,  - -1297888.344240
1, 2, 4, 0, 3,  - -862948.238640
1, 2, 4, 3, 0,  - -922427.227440
1, 3, 0, 2, 4,  - -3006089.587440
1, 3, 0, 4, 2,  - -2986860.403440
1, 3, 2, 0, 4,  - -2167154.803440
1, 3, 2, 4, 0,  - -2182932.595440
1, 3, 4, 0, 2,  - -2325302.515440
1, 3, 4, 2, 0,  - -2028359.539440
1, 4, 0, 2, 3,  - -1258501.130640
1, 4, 0, 3, 2,  - -1308977.738640
1, 4, 2, 0, 3,  - -1611837.386640
1, 4, 2, 3, 0,  - -1570420.682640
1, 4, 3, 0, 2,  - -1321920.458640
1, 4, 3, 2, 0,  - -1840220.925840
2, 0, 1, 3, 4,  - -1795692.525840
2, 0, 1, 4, 3,  - -1801959.981840
2, 0, 3, 1, 4,  - -1822768.173840
2, 0, 3, 4, 1,  - -1819339.821840
2, 0, 4, 1, 3,  - -1814935.193040
2, 0, 4, 3, 1,  - -1820091.113040
2, 1, 0, 3, 4,  - -1862970.313040
2, 1, 0, 4, 3,  - -1856934.985040
2, 1, 3, 0, 4,  - -1645837.385040
2, 1, 3, 4, 0,  - -1649900.617040
2, 1, 4, 0, 3,  - -1694585.257040
2, 1, 4, 3, 0,  - -1688474.537040
2, 3, 0, 1, 4,  - -1477141.337040
2, 3, 0, 4, 1,  - -1511960.537040
2, 3, 1, 0, 4,  - -3738380.537040
2, 3, 1, 4, 0,  - -3695526.137040
2, 3, 4, 0, 1,  - -3437730.137040
2, 3, 4, 1, 0,  - -3467847.257040
2, 4, 0, 1, 3,  - -3545929.313040
2, 4, 0, 3, 1,  - -3454528.913040
2, 4, 1, 0, 3,  - -2631925.313040
2, 4, 1, 3, 0,  - -2744418.113040
2, 4, 3, 0, 1,  - -3194389.313040
2, 4, 3, 1, 0,  - -3141821.249040
3, 0, 1, 2, 4,  - -3150809.009040
3, 0, 1, 4, 2,  - -3150726.065040
3, 0, 2, 1, 4,  - -3150390.449040
3, 0, 2, 4, 1,  - -3150445.745040
3, 0, 4, 1, 2,  - -3150504.036240
3, 0, 4, 2, 1,  - -3149463.348240
3, 1, 0, 2, 4,  - -3140808.468240
3, 1, 0, 4, 2,  - -3140888.340240
3, 1, 2, 0, 4,  - -3144293.140240
3, 1, 2, 4, 0,  - -3144227.604240
3, 1, 4, 0, 2,  - -3143636.244240
3, 1, 4, 2, 0,  - -3144869.652240
3, 2, 0, 1, 4,  - -3153413.876240
3, 2, 0, 4, 1,  - -3152006.132240
3, 2, 1, 0, 4,  - -3061991.732240
3, 2, 1, 4, 0,  - -3063724.340240
3, 2, 4, 0, 1,  - -3074147.060240
3, 2, 4, 1, 0,  - -3072929.421840
3, 4, 0, 1, 2,  - -3071896.077840
3, 4, 0, 2, 1,  - -3090344.637840
3, 4, 1, 0, 2,  - -3101231.037840
3, 4, 1, 2, 0,  - -3078525.117840
3, 4, 2, 0, 1,  - -3071267.517840
3, 4, 2, 1, 0,  - -3072115.389840
4, 0, 1, 2, 3,  - -3039904.204080
4, 0, 1, 3, 2,  - -3042016.165680
4, 0, 2, 1, 3,  - -3043218.978096
4, 0, 2, 3, 1,  - -3041811.003696
4, 0, 3, 1, 2,  - -3040824.080688
4, 0, 3, 2, 1,  - -3058443.874608
4, 1, 0, 2, 3,  - -3089462.053488
4, 1, 0, 3, 2,  - -3087428.312688
4, 1, 2, 0, 3,  - -3075225.867888
4, 1, 2, 3, 0,  - -3076894.578288
4, 1, 3, 0, 2,  - -3086906.840688
4, 1, 3, 2, 0,  - -3066024.121968
4, 2, 0, 1, 3,  - -3035402.522544
4, 2, 0, 3, 1,  - -3071247.204144
4, 2, 1, 0, 3,  - -3393849.338544
4, 2, 1, 3, 0,  - -3349732.807344
4, 2, 3, 0, 1,  - -3173266.682544
4, 2, 3, 1, 0,  - -3193882.407600
4, 3, 0, 1, 2,  - -3203905.844400
4, 3, 0, 2, 1,  - -3024954.812400
4, 3, 1, 0, 2,  - -2919356.732400
4, 3, 1, 2, 0,  - -3139604.156400
4, 3, 2, 0, 1,  - -3210002.876400
4, 3, 2, 1, 0,  - -3201778.518000
